1 # 4
16 # 19
5 # 8
27 # 29
9 # 11
12 # 14
24 # 26
31 # 31
20 # 23
30 # 33
34 # 36
37 # 40
41 # 43
46 # 47
47 # 47
48 # 47
50 # 51
53 # 54
62 # 62
0 > 1
0 = 12
0 < 5
0 ! 9
0 + 16
0 - 20
0 * 24
0 / 27
0 % 30
1 = 2
1 > 3
5 = 6
5 < 7
9 = 10
12 = 13
16 = 17
16 + 18
20 = 21
20 - 22
24 = 25
27 = 28
27 / 31
30 = 32
0 & 34
34 & 35
0 | 37
37 | 38
37 = 39
0 ^ 41
41 = 42
0 ~ 44
27 * 46
46 * 48
47 * 48
48 / 49
0 1 50
0 2 50
0 3 50
0 4 50
0 5 50
0 6 50
0 7 50
0 8 50
0 9 50
50 0 50
50 1 50
50 2 50
50 3 50
50 4 50
50 5 50
50 6 50
50 7 50
50 8 50
50 9 50
0	a	53
0	b	53
0	c	53
0	d	53
0	e	53
0	f	53
0	g	53
0	h	53
0	i	55
0	j	53
0	k	53
0	l	53
0	m	53
0	n	53
0	o	53
0	p	53
0	q	53
0	r	53
0	s	53
0	t	53
0	u	53
0	v	53
0	w	53
0	x	53
0	y	53
0	z	53
0 _ 53
53 _ 53
53	0	53
53	1	53
53	2	53
53	3	53
53	4	53
53	5	53
53	6	53
53	7	53
53	8	53
53	9	53
53	a	53
53	b	53
53	c	53
53	d	53
53	e	53
53	f	53
53	g	53
53	h	53
53	i	53
53	j	53
53	k	53
53	l	53
53	m	53
53	n	53
53	o	53
53	p	53
53	q	53
53	r	53
53	s	53
53	t	53
53	u	53
53	v	53
53	w	53
53	x	53
53	y	53
53	z	53
55	n	56
56	t	57
55 _ 53
55	0	53
55	1	53
55	2	53
55	3	53
55	4	53
55	5	53
55	6	53
55	7	53
55	8	53
55	9	53
55	a	53
55	b	53
55	c	53
55	d	53
55	e	53
55	f	53
55	g	53
55	h	53
55	i	53
55	j	53
55	k	53
55	l	53
55	m	53
55	o	53
55	p	53
55	q	53
55	r	53
55	s	53
55	t	53
55	u	53
55	v	53
55	w	53
55	x	53
55	y	53
55	z	53
56	0	53
56	1	53
56	2	53
56	3	53
56	4	53
56	5	53
56	6	53
56	7	53
56	8	53
56	9	53
56	a	53
56	b	53
56	c	53
56	d	53
56	e	53
56	f	53
56	g	53
56	h	53
56	i	53
56	j	53
56	k	53
56	l	53
56	m	53
56	n	53
56	o	53
56	p	53
56	q	53
56	r	53
56	s	53
56	u	53
56	v	53
56	w	53
56 x 53
56 y 53
56 z 53
56 _ 53
57 @ 58
57 _ 53
57	0	53
57	1	53
57	2	53
57	3	53
57	4	53
57	5	53
57	6	53
57	7	53
57	8	53
57	9	53
57	a	53
57	b	53
57	c	53
57	d	53
57	e	53
57	f	53
57	g	53
57	h	53
57	i	53
57	j	53
57	k	53
57	l	53
57	m	53
57	n	53
57	o	53
57	p	53
57	q	53
57	r	53
57	s	53
57	t	53
57	u	53
57	v	53
57	w	53
57	x	53
57	y	53
57	z	53
16	1	59
16	2	59
16	3	59
16	4	59
16	5	59
16	6	59
16	7	59
16	8	59
16	9	59
20	1	59
20	2	59
20	3	59
20	4	59
20	5	59
20	6	59
20	7	59
20	8	59
20	9	59
59	0	59
59	1	59
59	2	59
59	3	59
59	4	59
59	5	59
59	6	59
59	7	59
59	8	59
59	9	59
59	.	60
60	0	60
60	1	60
60	2	60
60	3	60
60	4	60
60	5	60
60	6	60
60	7	60
60	8	60
60	9	60
60	#	61
53 ( 62
62 ) 63